0_coap
0_coap
1_coap
1_coap
2_coap
2_coap
3_coap
3_coap
4_coap
4_coap
5_coap
5_coap
6_coap
6_coap
7_coap
8_coap
7_coap
8_coap
9_coap
1023.00
1023.00
1023.00
1023.00
1023.00
1023.00
1023.00
1023.00
1023.00
1023.00
1023.00
1023.00
1023.00
1023.00
1023.00
1023.00
1023.00
1023.00
1023.00
1023.00
1023.00
1023.00
1023.00
1023.00
1023.00
1023.00
1023.00
1023.00
1023.00
1023.00
1023.00
1023.00
1023.00
1023.00
1023.00
1023.00
1023.00
1023.00
1023.00
1023.00
1023.00
1023.00
1023.00
1023.00
1023.00
1023.00
1023.00
1023.00
1023.00
1023.00
1023.00
1023.00
1023.00
1023.00
1023.00
1023.00
1023.00
1023.00
1023.00
1023.00
1023.00
1023.00
1023.00
1023.00
1023.00
1023.00
1023.00
1023.00
1023.00
1023.00
1023.00
1023.00
1023.00
1023.00
1023.00
1023.00
1023.00
967.00
967.00
967.00
967.00
967.00
962.00
967.00
962.00
962.00
965.00
962.00
965.00
965.00
965.00
968.00
968.00
962.00
962.00
958.00
963.00
958.00
963.00
967.00
967.00
967.00
967.00
964.00
958.00
964.00
958.00
957.00
960.00
957.00
963.00
960.00
967.00
963.00
967.00
967.00
967.00
964.00
964.00
964.00
964.00
959.00
959.00
958.00
960.00
958.00
960.00
960.00
960.00
965.00
965.00
968.00
968.00
968.00
968.00
965.00
965.00
965.00
965.00
965.00
965.00
959.00
959.00
957.00
957.00
963.00
963.00
959.00
959.00
957.00
957.00
957.00
957.00
964.00
964.00
964.00
964.00
967.00
967.00
967.00
967.00
964.00
