545.00
545.00
545.00
545.00
545.00
545.00
134.00
343.00
620.00
620.00
945.00
731.00
731.00
648.00
577.00
475.00
391.00
192.00
9.00
0.00
209.00
364.00
364.00
643.00
643.00
622.00
622.00
478.00
402.00
297.00
297.00
136.00
73.00
78.00
0.00
55.00
382.00
685.00
739.00
739.00
739.00
739.00
739.00
739.00
739.00
739.00
739.00
739.00
739.00
739.00
738.00
739.00
739.00
738.00
738.00
738.00
739.00
738.00
739.00
738.00
739.00
739.00
739.00
738.00
738.00
738.00
738.00
738.00
738.00
738.00
739.00
739.00
738.00
739.00
739.00
739.00
738.00
738.00
739.00
739.00
738.00
738.00
